0
0
0
0
0
0
0
0
0
0
0
0
0
0
0
0
0
0
0
0
0
0
0
0
0
0
0
0
0
0
0
0
0
0
0
0
0
0
0
0
0
0
0
0
0
0
0
0
0
0
0
0
0
0
0
0
0
0
0
0
0
0
0
0
0
0
0
0
0
0
0
0
0
0
0
0
0
0
0
0
0
0
0
0
0
0
0
0
0
0
0
0
0
0
0
0
0
0
0
0
0
0
0
0
0
0
0
0
0
0
0
0
0
0
0
0
0
0
0
0
0
0
0
0
0
0
0
0
0
0
0
0
0
0
0
0
0
0
0
0
0
0
0
0
0
0
0
0
0
0
0
0
0
0
0
0
0
0
0
0
0
0
0
0
0
0
0
0
0
0
0
0
0
0
0
0
0
0
0
0
0
0
0
0
0
0
0
0
0
0
0
0
0
0
0
0
0
0
0
0
0
0
0
0
0
0
0
0
0
0
0
0
0
0
0
0
0
0
0
0
0
0
0
0
0
0
0
0
0
0
0
0
0
0
0
0
0
0
0
0
0
0
0
0
0
0
0
0
0
0
0
0
0
0
0
0
0
0
0
0
0
0
0
0
0
0
0
0
0
0
0
0
0
0
0
0
0
0
0
0
0
0
0
0
0
0
0
0
0
0
0
0
0
0
0
0
0
0
0
0
0
0
0
0
0
0
0
0
0
0
0
0
0
0
0
0
0
0
0
0
0
0
0
0
0
0
0
0
0
0
0
0
0
0
0
0
0
0
0
0
0
0
0
0
0
0
0
0
0
0
0
0
0
0
0
0
0
0
0
0
0
0
0
0
0
0
0
0
0
0
0
0
0
0
0
0
0
0
0
0
0
0
0
0
0
0
0
0
0
0
0
0
0
0
0
0
0
0
0
0
0
0
0
0
0
0
0
0
0
0
0
0
0
0
0
0
0
0
0
0
0
0
0
0
0
0
0
0
0
0
0
0
0
0
0
0
0
0
0
0
0
0
0
0
0
0
0
0
0
0
0
0
0
0
0
0
0
0
0
0
0
0
0
0
0
0
0
0
0
0
0
0
0
0
0
0
0
0
0
0
0
0
0
0
0
0
0
0
0
0
0
0
0
0
0
0
0
0
0
0
0
0
0
0
0
0
0
0
0
0
0
0
0
0
0
0
0
0
0
0
0
0
0
0
0
0
0
0
0
0
0
0
0
0
0
0
0
0
0
0
0
0
0
0
0
0
0
0
0
0
0
0
0
0
0
0
0
0
0
0
0
0
0
0
0
0
0
0
0
0
0
0
0
0
0
0
0
0
0
0
0
0
0
0
0
0
0
0
0
0
0
0
0
0
0
0
0
0
0
0
0
0
0
0
0
0
0
0
0
0
0
0
0
0
0
0
0
0
0
0
0
0
0
0
0
0
0
0
0
0
0
0
0
0
0
0
0
0
0
0
0
0
0
0
0
0
0
0
0
0
0
0
0
0
0
0
0
0
0
0
0
0
0
0
0
0
0
0
0
0
0
0
0
0
0
0
0
0
0
0
0
0
0
0
0
0
0
0
0
0
0
0
0
0
0
0
0
0
0
0
0
0
0
0
0
0
0
0
0
0
0
0
0
0
0
0
0
0
0
0
0
0
0
0
0
0
0
0
0
0.0005774981053939511
0.004585627764756036
-0.004201523273994207
0.00031520632946992135
0.0017588196313247067
-0.018706859998680117
0.038053261276643685
0.007033721595593134
-0.007228444104757784
-0.009442425803968304
0.016719563703257435
0.005956217811322204
-0.0053621397695352326
0.0040656198279639755
-0.009473218340021853
-0.004290379846326938
0.031181634997281868
0.009051372563364003
0.004800315112939064
-0.000680251614993104
0.02100650493769358
0.0017147081423848308
0.00860507971534511
0.0015041446056986727
-0.005754646154466951
0.004295492178979452
-0.01235836888580213
-0.018946319431329055
0.006340840763686109
-0.034072673520471775
-0.005341788259864175
0.0032180494214752125
-0.014343790307720747
0.010547613622865108
0.030312058109737777
-0.0016799291669146498
-0.04613284592983595
0.030283044252793278
0.010444916457825696
-0.011592701235604082
-0.004791792566384262
-0.0055832019845589425
-0.014178906422380764
-0.011006743973564057
0.002685276990654058
0.0022097066890583252
-0.01471727129663574
0.009032592698561102
0.03369256705781987
0.0018443214896784088
0.0012696042964633735
-0.001990216582617395
-0.01456011774534203
0.003293139939030317
-0.032601905145285735
-0.0016880713095096353
-0.0007598945606219053
-0.0027258284276309086
-0.0011438265341211624
-0.004529006296236812
0.006929178064627239
-0.0016553990270863773
-0.002990774990152127
-0.006361900272652918
-0.010273293822539295
0.009345794392523317
-0.00045495350448372814
0.0025942932869306096
0.02798384161963547
-0.0012459414158899375
-0.03208596932828068
0.018823656209851096
-0.011101231417639024
-0.008334700906650443
0.0009532931313044154
0.017665051870908197
0.013266011796645999
0.0015657270852574728
0.00508312851935489
-0.005900586676566485
0.005159439416344812
-0.003962475342761106
-0.014789976797557041
0.0054493213515375725
0.018263011458260477
0.01541068723462014
0.006774180107775858
0.0020102643808052687
0.0012165119798321512
-0.013439474048083388
0.0055671082591355146
0.0009082760543163418
0.017222735765335007
-0.0006799379358096894
-0.0031174304017959407
-0.010589817573623256
-0.001459086120227424
-0.01419990524943485
-0.0019983115495157797
-0.012768405402144006
-0.017281518447531376
-0.03390401584439004
0.007014350793375113
-0.005350941400736869
0.006200914453921394
-0.007433607097895817
-0.033030721457535404
-0.0017540640267831261
-0.06308120241961435
-0.0026662552217428135
0.0013281481984335627
-0.0034875296142548268
0.01846778989556794
0.0057610539484212915
0.003915842150039925
-0.008171075939340675
0.008236123690233467
0.0021917398859306707
-0.028394381478043646
-0.0004390791539546809
0.028388995264647613
0.04614208667462509
-0.022054955370036745
0.014030227131991096
0.004572883334915241
-0.015105390862558792
-0.016430440031609723
-0.02442850220546838
0.0053463216704298265
0.028905784199267162
-0.007367670780657971
-0.005098812840934133
-0.006111232019906386
-0.021599742446969623
0.006166445309448256
0.0016593678233370538
0.02386798849623412
0.000845742605653198
0.01382392715049385
0.0067207150503723985
-0.005675692054685118
-0.0016841889255698528
0.004053088965039281
0.02921422041023427
0.00266661679688079
-0.004233875411815294
-0.011708413506564232
-0.007508692371044602
0.01184214181058131
-0.008134492564649033
-0.001676133476614869
-0.002017249497420352
-0.007379992117822793
0.021289248594949777
0.002254223296980271
-0.005478706521177206
-0.004185895871920559
-0.0018983648009263186
0.002780574871105703
0.014721093079301991
-0.0016152035547219257
-0.003813333821131477
0.006852611418456838
0.03512920193639606
0.014047723334626666
0.0032304413845604483
0.0098941193102067
-0.007399135777112604
-0.0042235491795177835
-0.020605312319691316
0.002137334890055832
0.016352656309737593
-0.01148854825974959
-0.006078436587646316
-0.01835588691782316
0.004415286924451451
0.0058731400087933434
0.013604606321945385
0.004821011945641957
-0.009890026137285788
0.016132517905238303
0.0016341855080073088
-0.002032321392316123
-0.018701390912402926
-0.0033208459174575754
0.0052723829729047255
0.018659106516178133
-0.010290443738209767
-0.011202461597839025
-0.0074343878062808665
-0.013310499306189294
-0.0010998248302026752
0.0025778185036563284
0.014931369577323998
-0.01402010657656942
0.004736030143429081
-0.0018893398631422993
0.0013925914972520365
-0.012669432314959869
-0.005530326720961568
-0.013931329019820951
0.0034420230984706997
0.010411120740242677
-0.02217264957264958
0.007160913170486207
0.02006204380037141
0.033253017993528776
-0.006892000215735162
0.005259594811793357
-0.006128626512980134
-0.004990479209656161
-0.003892055003373733
-0.0005078226882449045
0.011336524510181741
0.010374486276760917
-0.0002402102044247212
-0.008264232389099523
0.00992067101374742
0.013243495945609645
-0.002803079427990837
-0.006446000866219475
-0.0005770123969991945
0.0009996442082655778
-0.016532277458890514
-0.0011389431950009376
-0.0014008211567146881
-0.016087165544978015
-0.00487642545809115
0.00036072341595734677
-0.010527628661825493
-0.023269493785397888
0.00283828533502824
0.0015959016056189155
0.007368956511706808
-0.017255575655825663
0.016838135127093947
-0.0017451870606100782
0.013293567440675044
-0.003454038710297557
-0.013436389147528559
-0.022761689364185645
-0.00028410144208282416
0.0017470948404401312
-0.008782685842569153
-0.007816504299077315
-0.005067009063197479
0.008737376799431418
-0.0017646957809084771
0.0013142044083568768
-0.015080629556153247
-0.005735629482466689
0.009887843589522181
0.025777517703585506
-0.005306632153725071
0.006178174631444377
-0.013251677221756644
0.0017762382108732987
0.003570503478830793
-0.011370507244652921
0.004555381506958322
0.024881999093326335
0.007950487181228504
0.0024869156907579826
-0.005102900343306658
0.007028129186674117
0.007001295971597581
-0.012633849372330606
0.011485067309486919
-0.009191494965035848
-0.010117004366461084
-0.021986985788947838
-0.02555871301493916
0.002546909994814468
-0.004297392305185587
0.011542132520746326
0.00523136838443462
-0.00278354798504351
-0.009292336626419878
0.004463080921414979
-0.0024272715645779555
-0.03254582499753286
0.005183557720588531
0.0025954859505629194
0.01239230815076058
-0.008174896149337649
0.009516514700146516
-0.0022888068247040884
-0.008073866312338812
-0.015985421077199354
0.03441884802203373
0.00822494740128549
-0.0009712600744112173
-0.0015604017586137253
-0.007065715297734294
-0.0017358574240375591
-0.0026301543008368207
0.00783206487428392
0.00814196193914798
-0.007208146641005523
0.009452159068234574
0.02372210671195952
0.0005828412258259841
0.0156976172820756
-0.0013611808804882307
-0.0009041400188316283
-0.01725724043721853
0.0013738734394783169
-0.00345931021631997
-0.00014563087158731317
-0.016736952787596453
0.004364845687366053
-0.0009682287150143517
-0.0019109951938060608
-0.010339314687140836
-0.015156659252172439
0.011007653975303506
8.75620230998372e-05
-0.0010140554853732366
0.0003978724489560136
-0.00927628992902339
-0.0008515352900552418
-0.000742216328197307
0.021623675963992887
-0.0023861794249134313
-0.0011403074783939405
-0.01302171083037344
0.0008712345225282186
-0.014356798288125826
0.0002969066394093243
0.009516152740537616
-0.002358250952172621
0.008234203151016523
0.0035198057730027347
-0.004033440075399686
0.010279050706009304
-0.006540201866732392
0.0006032023549018668
-0.0030355248221161225
-0.010067360708641088
0.010491130371371345
-0.007386768914006389
-0.0002037741788603006
0.012644539308554066
-0.00023227105569506083
-0.003404348272788549
0.010602718479063595
0.007174294035314008
-0.010119738760091356
-0.0043485795561913655
-0.015429774205539239
0.0046179734233794244
-0.0012257052719365383
0.005018954037045787
-0.005338440830260343
0.007361588771948211
0.000550003815593208
0.006910798611143467
-0.0002581845423666247
0.002914219478424932
0.004295518795025129
-0.0006866367732749426
-0.0011043308035314483
0.0019225387804651594
-0.014567022843208753
-0.002728613912533487
0.0024089447356716587
0.011056285145918754
0.0014817488873071043
-0.0018887564736347318
-0.006356904242911005
0.00328037873632151
0.0009939264670004837
0.012188090726332191
0.002341863767833153
0.017827560146744446
0.010477801892253877
0.028066485759055373
0.003215288801526147
-0.0040139506015564996
0.012161871756852245
-0.008870967398801301
0.019841143778531935
-0.0026380481726874776
-0.0025880482984173576
-0.01513358251301936
0.0015798358465914236
0.014677405932048585
-0.003507727612288937
0.0007844544795786029
-0.009731650459260341
0.010569598171189841
0.00589968377152744
8.6752841155603e-05
-0.0036331970112449537
-0.005027597690753604
0.004723384661912652
-0.00951270079362001
-0.008011992165141424
0.0015072553065884231
-0.007010240183537088
0.011685742693003619
0.007283109387342187
0.01322242398793879
0.009377068964072373
0.007217587899227746
0.009494176959753037
-0.001647437041162186
-0.005231013600390052
-0.0036913658053479024
0.00614990010126043
-0.0004794209874023108
-0.019868791464264766
0.005258365724548103
0.0030558116640556896
0.006869783415204267
-0.019087411363382285
0.008635010845257477
0.017671461352586557
-0.0020062542385652464
9.684176834705311e-05
0.00434843084341421
0.0013028030487796795
0.011177125306203043
0.0014412623069154835
-0.006110505629634588
-0.004800978113653134
-0.003415146402405599
0.007076052027293769
-0.007905842587729655
-0.0010894311271296214
0.005315489169163452
-0.008685340147984716
-0.0060615001863654466
-0.009387503147428628
-0.0021828629813150343
-0.00914959848680693
0.0201875861183908
0.014371529549339613
0.007155549681322946
0.01595836244519361
0.001683593633201422
0.0002483534642921254
-0.0038692138858781493
0.0010461571400724688
-0.0015618097999775004
0.025408917839956323
-0.00277425917769989
0.013955222597251998
-0.005615348619560212
0.0005205930807248172
-0.005420959260282267
-0.010005449727143553
-0.001649867632847283
-4.887233010255554e-05
0.01827126178363547
0.025470929433645983
0.013703082146019882
0.013947551368224322
0.01155776421602786
0.01972379641966396
0.003913744531064457
0.036927284514003116
0.014914464729098381
0.04609932304403403
0.0066145870747219325
0.04096022733636586
-0.04487345217977536
0.036896108774207646
-0.011961337817308725
0.0032092244704071773
0.007516221051619633
0.026785170339186398
0.017314271771949014
-0.004365592076172105
0.01112994993614618
0.003344203818493236
-0.02049120322075753
-0.028433431861901132
0.03251439069956047
0.03310528602253572
0.0027906120976632933
0.0006074453291969249
0.022024529479510613
0.030516412660366456
-0.00013236154693849962
0.0007500565082850256
-0.023198647562016457
-0.003522081422003866
-0.009345810202826647
0.00013205918983962258
-0.0033058815494417223
0.02903646989526974
0.008608201555941128
-0.07702331625744879
0.01223997102965437
0.04495083065830208
0.005277150428937429
0.0011545534787546022
0.010149977657898228
-0.009161346291628177
-0.0138766314650549
-0.012346386416223447
-0.013615953596388964
-0.023419005995242194
0.02489147157390074
-0.010378929699238863
-0.010236441756169178
-0.016194497921855545
0.010113753690655095
0.01823772886448915
0.007978119974416826
0.00254795691710608
0.007828924323109176
0.00854653314227685
0.006526392612851653
-0.012376210919955728
0.02517183718536289
0.0018360791802135758
0.007955009498038405
-0.025925612250139823
0.0065343937968585265
-0.009764864952127313
-0.005097896545648846
0.01702735646194359
-0.004844604621581549
0.0011480961685343585
0.01934686903930692
0.006906228046639404
0.024329006315413446
0.013884395025894102
0.023670511630977113
-0.0016422022045966072
0.013760049836720682
0.02042016413817697
0.0002479820929234653
-0.008213849021632273
0.002432994316330371
0.00549316594763703
0.029327765939848826
-0.00904412674790572
0.01794306087770457
0.00021363298532077156
0.011094420642478457
0.0214614996914068
0.008394044756345243
-0.007836718769459391
0.019304396056627038
0.01764494928662452
0.0038703274069439423
-0.012994278741034683
0.030369274101001494
0.018298251529950096
-0.016147694498161183
0.021505250315186956
0.026119444990478916
0.00022743508500534403
-0.008068312882892123
0.022317459487126497
-0.01367233325956108
0.0068464680849987265
-0.005119047170218288
0.007969664956169381
-0.03987350192919783
-0.009465204008756502
-0.01828069892630164
0.01975687732391917
0.028985583550733916
0.012128474978957637
-0.006105420184980557
-0.0037423417420516985
-0.01772217279777943
-0.009167357882130241
0.03411524018937113
0.005008642587475311
0.018098520710868007
0.022796849230403204
0.029923242923373162
0.01949663643164662
-0.0033630074565514346
-0.06705228706956425
0.001411251576590625
0.0486177057689913
0.016881004393265054
-0.003541352261874039
0.00735400760947121
0.009483121988274926
0.02355372817247597
-0.0067784250705720086
-0.001570110246224685
-0.00047503235946047746
0.005375391729905577
-0.021358115054689434
-0.029944646474629227
0.01461255985157229
-0.040531007927678525
-0.05952623125741176
0.03214089468912591
0.019647557892233943
-0.03557490113984774
-0.07868261788550171
-0.033357817164587786
0.06714677557151297
-0.049178872872288316
-0.034099290833503916
-0.054060179221206685
0.028981576292030915
-0.01763995181237529
-0.06745539654628577
0.06404192367100756
0.05360442484732998
0.025631210191703297
-0.02366273708323153
-0.035356209125690805
0.007713349865721665
0.03856048848288716
0.002195834947209388
0.001296443888543376
-0.002123376682606904
0.02252619576826498
-0.017532208605193566
-0.08561401189910928
-0.002000140884498116
0.03129968226962713
-0.02925086868212966
0.00033731612732786445
0.0032845136595786198
0.031055811408806217
-0.02058049899256744
-0.009063590990198926
0.019597051243106546
0.045411440396524554
-0.0043326196361000826
-0.012428599426213362
0.014774685853979678
-0.0004718482292687307
0.0010634484993396112
-0.06190974115911437
0.015873845745242646
-0.032083797376108246
-0.045705198043097195
-0.08747704438679538
-0.07101345917948035
-0.005663954475411381
0.05947267600271274
0.04262739585692463
0.007255513142801065
-0.0013227246047569296
0.0011150825247323746
-0.03426998138944539
0.0257001647446458
0.019580548784456406
-0.012280157267441342
-0.0030894449870009946
-0.01973477438375139
-0.039285222295232285
0.049811054516291975
-0.021832452569284698
0.0044096399164783
0.01752359768004708
0.009304927957314057
-0.02276170025426558
0.006733316416530905
-0.016148558949332946
0.0033419442312089295
-0.01970486796400099
0.0075794610258917375
0.029202472222465088
0.01323653519115227
0.03220756404867382
-0.0007686299215156602
-0.011300584637114846
0.023693583769412156
0.013551048736454328
3.310635203363108e-05
0.012314306393954864
-0.029194430057497806
0.014764252772760127
0.01325196465688794
0.005045865008830259
0.0010080069407044899
-0.01891491475220842
0.002379344779455907
0.0002184921944230686
-0.016444737087088372
-0.0030118280924820383
0.04704814004818364
0.02133972415336419
0.023584648553550084
0.012385016610542548
-0.0018532140908848764
0.0001064374296613872
-0.009996228133740077
-0.012932229237872676
0.004773850701583084
-0.0015246567197803773
-0.011389726497031903
0.01598377642252357
-0.00015523306284110944
-0.005576540589547954
0.00014760206589608637
0.007383809164309293
-0.005864702492881964
-0.05384780507890956
0.002648305084745655
0.007089478164609166
0.036266710768394654
0.007346676679325799
-0.01912544184926299
0.0027232493435921856
-0.017514610423507708
0.003565533726007618
-0.0035352638026281717
-0.004147019500513827
0.02862009739862899
-0.004562525159498419
-0.0024223220673296906
0.019115220977685123
0.003201639665506557
0.02602289384070177
0.002785333028105539
-0.002670289648526302
-0.009564241082293704
0.002297747794564263
-0.02880750643335249
0.009186260875537054
0.0008772221299219623
-0.009075275385606266
-0.07020601687749019
0.0028001773387996646
0
0
0
0
0
0
0
0
0
0
0
0
0
0
0
0
0
0
0
0
0
0
0
0
0
0
0
0
0
0
0
0
0
0
0
0
0
0
0
0
0
0
0
0
0
0
0
0
0
0
0
0
0
0
0
0
0
0
0
0
0
0
0
0
0
0
0
0
0
0
0
0
0
0
0
0
0
0
0
0
0
0
0
0
0
0
0
0
0
0
0
0
0
0
0
0
0
0
0
0
0
0
0
0
0
0
0
0
0
0
0
0
0
0
0
0
0
0
0
0
0
0
0
0
0
0
0
0
0
0
0
0
0
0
0
0
0
0
0
0
0
0
0
0
0
0
0
0
0
0
0
0
0
0
0
0
0
0
0
0
0
0
0
0
0
0
0
0
0
0
0
0
0
0
0
0
0
0
0
0
0
0
0
0
0
0
0
0
0
0
0
0
0
0
0
0
0
0
0
0
0
0
0
0
0
0
0
0
0
0
0
0
0
0
0
0
0
0
0
0
0
0
0
0
0
0
0
0
0
0
0
0
0
0
0
0
0
0
0
0
0
0
0
0
0
0
0
0
0
0
0
0
0
0
0
0
0
0
0
0
0
0
0
0
0
0
0
0
0
0
0
0
0
0
0
0
0
0
0
0
0
0
0
0
0
0
0
0
0
0
0
0
0
0
0
0
0
0
0
0
0
0
0
0
0
0
0
0
0
0
0
0
0
0
0
0
0
0
0
0
0
0
0
0
0
0
0
0
0
0
0
0
0
0
0
0
0
0
0
0
0
0
0
0
0
0
0
0
0
0
0
0
0
0
0
0
0
0
0
0
0
0
0
0
0
0
0
0
0
0
0
0
0
0
0
0
0
0
0
0
0
0
0
0
0
0
0
0
0
0
0
0
0
0
0
0
0
0
0
0
0
0
0
0
0
0
0
0
0
0
0
0
0
0
0
0
0
0
0
0
0
0
0
0
0
0
0
0
0
0
0
0
0
0
0
0
0
0
0
0
0
0
0
0
0
0
0
0
0
0
0
0
0
0
0
0
0
0
0
0
0
0
0
0
0
0
0
0
0
0
0
0
0
0
0
0
0
0
0
0
0
0
0
0
0
0
0
0
0
0
0
0
0
0
0
0
0
0
0
0
0
0
0
0
0
0
0
0
0
0
0
0
0
0
0
0
0
0
0
0
0
0
0
0
0
0
0
0
0
0
0
0
0
0
0
0
0
0
0
0
0
0
0
0
0
0
0
0
0
0
0
0
0
0
0
0
0
0
0
0
0
0
0
0
0
0
0
0
0
0
0
0
0
0
0
0
0
0
0
0
0
0
0
0
0
0
0
0
0
0
0
0
0
0
0
0
0
0
0
0
0
0
0
0
0
0
0
0
0
0
0
0
0
0
0
0
0
0
0
0
0
0
0
0
0
0
0
0
0
0
0
0
0
0
0
0
0
0
0
0
0
0
0
0
0
0
0
0
0
0
0
0
0
0
0
0
0
0
0
0
0
0
0
0
0
0
0
0
0
0
0
0
0
0
0
0
0
0
0
0
0
0
0
0
0
0
0
0
0
0
0
0
0
0
0
0
0
0
0
0
0
0
0
0
0
0
0
0
0
0
0
0
0
0
0
0
0
0
0
0
0
0
0
0
0
0
0
0
0
0
0
0
0
0
0
0
0
0
0
0
0
0
0
0
0
0
0
0
0
0
0
0
0
0
0
0
0
0
0
0
0
0
0
0
0
0
0
0
0
0
0
0
0
0
0
0
0
0
0
0
0
0
0
0
0
0
0
0
0
0
0
0
0
0
0
0
0
0
0
0
0
0
0
0
0
0
0
0
0
0
0
0
0
0
0
0
0
0
0
0
0
0
0
0
0
0
0
0
0
0
0
0
0
0
0
0
0
0
0
0
0
0
0
0
0
0
0
0
0
0
0
0
0
0
0
0
0
0
0
0
0
0
0
0
0
0
0
0
0
0
0
0
0
0
0
0
0
0
0
0
0
0
0
0
0
0
0
0
0
0
0
0
0
0
0
0
0
0
0
0
0
0
0
0
0
0
0
0
0
0
0
0
0
0
0
0
0
0
0
0
0
0
0
0
0
0
0
0
0
0
0
0
0
0
0
0
0
0
0
0
0
0
0
0
0
0
0
0
0
0
0
0
0
0
0
0
0
0
0
0
0
0
0
0
0
0
0
0
0
0
0
0
0
0
0
0
0
0
0
0
0
0
0
0
0
0
0
0
0
0
0
0
0
0
0
0
0
0
0
0
0
0
0
0
0
0
0
0
0
0
0
0
0
0
0
0
0
0
0
0
0
0
0
0
0
0
0
0
0
0
0
0
0
0
0
0
0
0
0
0
0
0
0
0
0
0
0
0
0
0
0
0
0
0
0
0
0
0
0
0
0
0
0
0
0
0
0
0
0
0
0
0
0
0
0
0
0
0
0
0
0
0
0
0
0
0
0
0
0
0
0
0
0
0
0
0
0
0
0
0
0
0
0
0
0
0
0
0
0
0
0
0
0
0
0
0
0
0
0
0
0
0
0
0
0
0
0
0
0
0
0
0
0
0
0
0
0
0
0
0
0
0
0
0
0
0
0
0
0
0
0
0
0
0
0
0
0
0
0
0
0
0
0
0
0
0
0
0
0
0
0
0
0
0
0
0
0
0
0
0
0
0
0
0
0
0
0
0
0
0
0
0
0
0
0
0
0
0
0
0
0
0
0
0
0
0
0
0
0
0
0
0
0
0
0
0
0
0
0
0
0
0
0
0
0
0
0
0
0
0
0
0
0
0
0
0
0
0
0
0
0
0
0
0
0
0
0
0
0
0
0
0
0
0
0
0
0
0
0
0
0
0
0
0
0
0
0
0
0
0
0
0
0
0
0
0
0
0
0
0
0
0
0
0
0
0
0
0
0
0
0
0
0
0
0
0
0
0
0
0
0
0
0
0
0
0
0
0
0
0
0
0
0
0
0
0
0
0
0
0
0
0
0
0
0
0
0
0
0
0
0
0
0
0
0
0
0
0
0
0
0
0
0
0
0
0
0
0
0
0
0
0
0
0
0
0
0
0
0
0
0
0
0
0
0
0
0
0
0
0
0
0
0
0
0
0
0
0
0
0
0
0
0
0
0
0
0
0
0
0
0
0
0
0
0
0
0
0
0
0
0
0
0
0
0
0
0
0
0
0
0
0
0
0
0
0
0
0
0
0
0
0
0
0
0
0
0
0
0
0
0
0
0
0
0
0
0
0
0
0
0
0
0
0
0
0
0
0
0
0
0
0
0
0
0
0
0
0
0
