0
0
0
0
0
0
0
0
0
0
0
0
0
0
0
0
0
0
0
0
0
0
0
0
0
0
0
0
0
0
0
0
0
0
0
0
0
0
0
0
0
0
0
0
0
0
0
0
0
0
0
0
0
0
0
0
0
0
0
0
0
0
0
0
0
0
0
0
0
0
0
0
0
0
0
0
0
0
0
0
0
0
0
0
0
0
0
0
0
0
0
0
0
0
0
0
0
0
0
0
0
0
0
0
0
0
0
0
0
0
0
0
0
0
0
0
0
0
0
0
0
0
0
0
0
0
0
0
0
0
0
0
0
0
0
0
0
0
0
0
0
0
0
0
0
0
0
0
0
0
0
0
0
0
0
0
0
0
0
0
0
0
0
0
0
0
0
0
0
0
0
0
0
0
0
0
0
0
0
0
0
0
0
0
0
0
0
0
0
0
0
0
0
0
0
0
0
0
0
0
0
0
0
0
0
0
0
0
0
0
0
0
0
0
0
0
0
0
0
0
0
0
0
0
0
0
0
0
0
0
0
0
0
0
0
0
0
0
0
0
0
0
0
0
0
0
0
0
0
0
0
0
0
0
0
0
0
0
0
0
0
0
0
0
0
0
0
0
0
0
0
0
0
0
0
0
0
0
0
0
0
0
0
0
0
0
0
0
0
0
0
0
0
0
0
0
0
0
0
0
0
0
0
0
0
0
0
0
0
0
0
0
0
0
0
0
0
0
0
0
0
0
0
0
0
0
0
0
0
0
0
0
0
0
0
0
0
0
0
0
0
0
0
0
0
0
0
0
0
0
0
0
0
0
0
0
0
0
0
0
0
0
0
0
0
0
0
0
0
0
0
0
0
0
0
0
0
0
0
0
0
0
0
0
0
0
0
0
0
0
0
0
0
0
0
0
0
0
0
0
0
0
0
0
0
0
0
0
0
0
0
0
0
0
0
0
0
0
0
0
0
0
0
0
0
0
0
0
0
0
0
0
0
0
0
0
0
0
0
0
0
0
0
0
0
0
0
0
0
0
0
0
0
0
0
0
0
0
0
0
0
0
0
0
0
0
0
0
0
0
0
0
0
0
0
0
0
0
0
0
0
0
0
0
0
0
0
0
0
0
0
0
0
0
0
0
0
0
0
0
0
0
0
0
0
0
0
0
0
0
0
0
0
0
0
0
0
0
0
0
0
0
0
0
0
0
0
0
0
0
0
0
0
0
0
0
0
0
0
0
0
0
0
0
0
0
0
0
0
0
0
0
0
0
0
0
0
0
0
0
0
0
0
0
0
0
0
0
0
0
0
0
0
0
0
0
0
0
0
0
0
0
0
0
0
0
0
0
0
0
0
0
0
0
0
0
0
0
0
0
0
0
0
0
0
0
0
0
0
0
0
0
0
0
0
0
0
0
0
0
0
0
0
0
0
0
0
0
0
0
0
0
0
0
0
0
0
0
0
0
0
0
0
0
0
0
0
0
0
0
0
0
0
0
0
0
0
0
0
0
0
0
0
0
0
0
0
0
0
0
0
0
0
0
0
0
0
0
0
0
0
0
0
0
0
0
0
0
0
0
0
0
0
0
0
0
0
0
0
0
0
0
0
0
0
0
0
0
0
0
0
0
0
0
0
0
0
0
0
0
0
0
0
0
0
0
0
0
0
100.05774981053939
100.51657740614961
100.09425466675542
100.12580500936997
100.30190824082264
98.4255744857611
102.17098858797154
102.88963087684586
102.14589893109341
101.18139385925693
102.87310261947114
103.48583722559921
102.93093170222818
103.34940973906757
102.37035821529699
101.93115049354881
105.10953042309166
106.06091594291131
106.57004176060421
106.49754731758668
108.73468857116582
108.92113682701846
109.85841189210097
110.0236548297391
109.39050762757275
109.86039369754158
108.50269842628792
106.4469716427423
107.12193493970553
103.47200422362373
102.91927868623736
103.25047801147227
101.76947480570378
102.84289990455625
105.96027986263711
105.78227409796143
100.9022367448925
103.95786364544391
105.04369484635461
103.82595467531686
103.32844223750593
102.7515386737441
101.29463422213344
100.1797101173546
100.44872038786312
100.67068259721152
99.18908484981085
100.08501945340221
103.45714068281917
103.64794891064118
103.77954079189773
103.57299702887727
102.06496199689886
102.40107619962646
99.06260602659107
98.89538128351232
98.82023122120435
98.55086422571654
98.43813913225459
97.99231218033478
98.67131836039685
98.50797795598173
98.21336275918053
97.58853913986474
96.58598340356853
97.48865614565796
97.44430333989708
97.6971024419014
100.43104268333286
100.30591148781268
97.08749908836948
98.91504079348319
97.81696203494953
97.00168691279104
97.09415795464994
98.809331291281
100.12013704580984
100.27689785616215
100.78661821548725
100.19191803886876
100.70885216999768
100.3097958264763
98.82621627363504
99.36475208406664
101.17945168992516
102.73869657448897
103.43466700912269
103.6425980359516
103.76868049808326
102.3740840095254
102.94401161813627
103.0375131988243
104.81210106256486
104.7408353389205
104.41431307452545
103.30858454699104
103.15784842517819
101.6930167518051
101.48980242192486
100.19393948041824
98.46243606695656
95.12416407446521
95.79139833021009
95.27882417105049
95.8696400090054
95.15698277256173
92.01387897986176
91.8524807447784
86.05831581417331
85.82886238025938
85.94285582920332
85.64312757436535
87.22476686040804
87.7272734479293
88.07079960300477
87.35116641141018
88.07060142246073
88.26362927237622
85.75743811217976
85.71978380880813
88.153282345443
92.22085874007914
90.18693181638022
91.45227495410144
91.87047553817914
90.48273609644579
88.99606492711716
86.82202435876708
87.28620282906695
89.80927897161743
89.14759377110629
88.69304687524779
88.15102308724072
86.24698369211944
86.77882100016178
86.92281898347657
88.99749182703442
89.07276079766882
90.30409615402915
90.9110042521618
90.39502138764436
90.24277909369664
90.60854110581577
93.25559899673085
93.5042759434187
93.10839048860227
92.01823895183105
91.32730230301648
92.40881316806664
91.65711436444296
91.5034848066868
91.3188994479483
90.64496668981418
92.57472991955458
92.78341403245089
92.27508093693422
91.88882705655917
91.71438854167658
91.9694072657744
93.32329747058209
93.17256134876924
92.81726326937653
93.45330390748617
96.73624389207565
98.09516788270248
98.41205857265618
99.38575922173709
98.65039049494403
98.23373571911
96.20959891428772
96.4152310468055
97.99187618313785
96.86609178454447
96.27729738813899
94.51004220452867
94.92733115810367
95.48485266465629
96.7838864948679
97.25048276780532
96.28867295136807
97.84205169182765
98.00194375477614
97.80277230799474
95.97372443074619
95.65501047978714
96.15934032831379
97.95358770202522
96.94560181882173
95.85957243736699
95.14691520092333
93.88046225215538
93.77721018869956
94.01895081634524
95.42278251825634
94.08494493751759
94.53053407278455
94.3519337664767
94.4833274671892
93.28627734495146
92.77037375265164
91.47795915261169
91.79282840101594
92.7484946205873
90.69201475097424
91.34145239386241
93.17394861257762
96.2722636023198
95.6087551408033
96.11161845330388
95.52258624024552
95.04588275956098
94.67595895601656
94.62788035602735
95.70063164103
96.69347653066723
96.67024977090325
95.87134436168421
96.82245242874217
98.1047201849262
97.82972486198703
97.19911437078464
97.14302927681535
97.2401377434053
95.63253680609058
95.52361677907462
95.38980527572458
93.85525368695079
93.39757553849614
93.43126623098651
92.44765655470253
90.29644638502829
90.55273346460807
90.6972467173374
91.36559078412901
89.78902492001426
91.30090465454745
91.14156749712234
92.35316407129417
92.03417266757346
90.7975657087411
88.73085972305451
88.70565115784994
88.8606283433057
88.08019336079316
87.39171415072497
86.94889954307489
87.70860484067865
87.55382583576693
87.66888945964881
86.3467874141085
85.85153423449987
86.70042077693111
88.93534240841676
88.46339526078971
89.00993756520137
87.8304066030586
87.9864143273435
88.30057012578912
87.29654785346685
87.69421693317983
89.87622435940118
90.59078412906783
90.81607577155647
90.35265038732403
90.98766048660454
91.62469202743448
90.46711946957369
91.50614042597714
90.6650621969819
89.74780336684957
87.77451968963335
85.53111593086189
85.74895598489384
85.38045908126666
86.3659316546648
86.81774365901526
86.57608230358719
85.77158820302562
86.154393741934
85.94527363184075
83.14811379685378
83.57911684407783
83.7960452676071
84.83447168237838
84.140958686491
84.94168735671542
84.74727224299149
84.06303409656618
82.71925109950561
85.56635243159594
86.27013117966567
86.18634044563665
86.0518551284368
85.44383721925739
85.29551890008209
85.07117852420492
85.73746151333829
86.43553266173906
85.81249266731982
86.62360599805304
88.6785004233136
88.73018590920472
90.12303840897482
90.00036465220101
89.91899172080952
88.36723806081125
88.48864346210306
88.1825337937463
88.16969169449114
86.6939997273035
87.07240565813373
86.98809965469015
86.8218658143317
85.92418722195261
84.6218635947096
85.55335178790548
85.560843012471
85.47407957028103
85.50808735164192
84.71488954209183
84.6427518240536
84.57992859158624
86.40885756050837
86.2026705224672
86.10437297261291
84.98314672653292
85.05718697779415
83.83603810139854
83.86092957773263
84.6589629925578
84.45931591247066
85.15477107768983
85.45449933252782
85.10982373029678
85.98467192400001
85.42231481217229
85.47384175362816
85.2143837853434
84.35649984621178
85.24149488377094
84.61183565918007
84.59459395184676
85.66425362036206
85.64435629373834
85.35279307731567
86.25776471371621
86.87660328060136
85.99743475103759
85.62346806439432
84.3023172854655
84.69162314621907
84.58781617723989
85.01235853872753
84.55852509282765
85.18101018172352
85.22786006233956
85.8168526392891
85.79469605446307
86.04472062885053
86.41432734352443
86.35499208863256
86.25962761083036
86.42546509010066
85.16650336589822
84.9341168599322
85.13871845362085
86.08003640180219
86.20758539995991
86.04476026495932
85.49778196335075
85.77824706930598
85.86350433936107
86.91001652033002
87.11354793908076
88.66656995456103
89.59560070901058
92.11023436038404
92.40639536542893
92.03548065916421
93.15480437202123
92.32843113939532
94.16033281647834
93.9119333225522
93.66888470331568
92.25133890775557
92.3970808798581
93.75323034286811
93.42436954805315
93.49765671324693
92.58777019935368
93.5663857259273
94.11839781335505
94.12656285177037
93.78458250493856
93.31307135450844
93.75382488450028
92.86197280011658
92.11796340160247
92.25680869077165
91.61006630328271
92.68059796619188
93.35560089926395
94.58998823600282
95.47696507900262
96.16607846681183
97.07909623330123
96.91916453424393
96.41217906642686
96.05628644540197
96.64702301113924
96.60068839993775
94.68134946681496
95.17921862960523
95.4700683960693
96.12592708858503
94.29113197555871
95.10533692277927
96.7859872086349
96.59180991156384
96.60116403324352
97.0212275144354
97.14762706543755
98.23345826634822
98.37503844702547
97.77391722077941
97.30450678411631
96.97219764783469
97.65837796359178
96.88630620003862
96.78075524227168
97.29519229854543
96.45015045866899
95.86551785368879
94.9655800031074
94.75828315401951
93.89128290986106
95.78672126937009
97.1633229645272
97.8585799492023
99.42024263640361
99.5876259239176
99.61235885581642
99.22693733372643
99.33074430270563
99.1756085728146
101.69555346276891
101.41342364024355
102.82867054149256
102.25125170831618
102.30448300245098
101.74989456795045
100.73184111310866
100.56564690885902
100.56073203136631
102.39810349146542
105.00627835963571
106.44518801784562
107.92983774562482
109.1772653621629
111.33065551782182
111.76637526199451
115.89360400039303
117.62209506958499
123.04439402731387
123.85828188566393
128.9315452691924
123.14594173809077
127.68954779956161
126.16220998259166
126.56709283410844
127.51839908171044
130.9340011224944
133.20102800211794
132.6195266497339
134.09557534190083
134.54401827700227
131.7870494563509
128.03989136535276
132.20303041833512
136.5796495533801
136.96079037571837
137.04398656811523
140.06231589027433
144.33651532014855
144.31741071570107
144.42565692886723
141.07517701486174
140.5782987547918
139.26448065599325
139.28287181048213
138.8224191344106
142.85333212839544
144.08304240429447
132.9852886618531
134.6130247424444
140.66399202204386
141.40629706787905
141.56955820007659
143.00648605284587
141.69635411216686
139.7300860262104
138.00492439015866
136.12585574358909
132.9379235118225
136.24694405601042
134.83284660191697
133.45263802085796
131.29143955176303
132.6192888330811
135.0379634650202
136.11531253864504
136.46212849075195
137.53048016767644
138.70588897450276
139.61113806366495
137.88328117221397
141.35405667646455
141.61359391696695
142.7401314016278
139.03950610237519
139.94804498856882
138.5814712289412
137.87499722547227
140.22264395041987
139.54332068148727
139.70352983330625
142.40635572932013
143.38984649727766
146.8783789782761
148.91769641277344
152.44265447777033
152.19231281451238
154.28648662360587
157.43704200476253
157.47608357194255
156.18259879696467
156.5625901721474
157.42261446115486
162.03946805171066
160.57396256448777
163.45515095015662
163.49007036202016
165.30389797348482
168.8515675288311
170.26891514384718
168.9345655406839
172.19574530153548
175.23413049475357
175.91234395263942
173.62648992133006
178.89940038494572
182.1729466117467
179.2312735240304
183.0856869254744
187.86778345366835
187.9105111789679
186.3943903807918
190.55423963674278
187.94891856840698
189.2357048409956
188.26699834162503
189.76742324071148
182.20073152402406
180.4761644296045
177.17693400429317
180.67739695404413
185.9144367391847
188.1692953334029
187.0204427194808
186.3205483100747
183.01854335714657
181.34074687112545
187.52723000675385
188.46648687727696
191.8774514933299
196.25165282573732
202.12413870735534
206.06487955379237
205.3718818273196
191.60122745101756
191.87162498533453
201.19998319428979
204.59644099451745
203.87189292543013
205.37116837736102
207.31872821995807
212.2018571895144
210.76346280071905
210.43254092824586
210.33257866182146
211.46319866568993
206.94674333875548
200.74979627040062
203.6832646835928
195.42777666796667
183.79469763990747
189.7020236611715
193.4292051533283
186.54798030243933
171.8698968509904
166.1366922557385
177.29223544482807
168.57320313664306
162.82497645615132
154.02262904724302
158.48644762167487
155.69075432271399
145.18857275128497
154.48672824532528
162.7679004594617
166.93983872860042
162.98958521604848
157.22689135584028
158.43963737716768
164.54914718948277
164.91046995741493
165.12426712834804
164.77364610979515
168.48536951951522
165.53144887417596
151.35963744058546
151.05689684147774
155.78492971725186
151.22808519543773
151.27909686747907
151.77597512754903
156.48950118749786
153.26886916596118
151.87970282431058
154.85609714334637
161.88833556880985
161.18693498726887
159.183607139573
161.53549492816353
161.45927469091762
161.63097831429215
151.62444628355988
154.03130935507295
149.08940003614813
142.27523948136945
129.82942204211577
120.60978567963245
119.9266573442539
127.05901658057705
132.47521157754886
133.43638721624512
133.25988762370432
133.4084833956413
128.83657715247853
132.1476984104335
134.73522286591262
133.08065313965545
132.6695077829463
130.0513049792465
124.94221055335177
131.1657138146108
128.30204458903694
128.86781040622253
131.12603806968977
132.34615640725625
129.33373286531014
130.20457781202336
128.10196151175288
128.53007112303365
125.99740304215062
126.95239544787216
130.65971924951404
132.3892012214263
136.65313489911816
136.5480992107658
135.00502585859738
138.2037787480697
140.07658488944693
140.08122231417795
141.80622540579444
137.6662734764672
139.6988131363577
141.55009687064992
142.26433955144608
142.4077429931287
139.71411267435926
140.04654071896732
140.07713979497038
137.77360805913077
137.35865763597567
143.82112699726358
146.89023017481114
150.35458462943413
152.2167286575409
151.93463847112434
151.95081000351973
150.43187504161796
148.48645554889674
149.19530771889444
148.96783609042112
147.27113318049655
149.6250820467453
149.6018552869813
148.7675944687018
148.78955287298376
149.88818653704078
149.00913691580345
140.98532195618472
141.3586941011958
142.3608534764039
147.52381337417444
148.6076231335357
145.76543667893807
146.16239230869243
143.6024149488378
144.11443420247403
143.6049516598018
143.00941912489827
147.10236262917422
146.43120439865694
146.0765008608964
148.86878545449943
149.34540966296635
153.23180940422182
153.6586110239118
153.2482980254877
151.78259435772077
152.13135247915946
147.74882756390144
149.10608683795817
149.2368859970385
147.88252015892508
137.5002774527618
137.88530261376366
0
0
0
0
0
0
0
0
0
0
0
0
0
0
0
0
0
0
0
0
0
0
0
0
0
0
0
0
0
0
0
0
0
0
0
0
0
0
0
0
0
0
0
0
0
0
0
0
0
0
0
0
0
0
0
0
0
0
0
0
0
0
0
0
0
0
0
0
0
0
0
0
0
0
0
0
0
0
0
0
0
0
0
0
0
0
0
0
0
0
0
0
0
0
0
0
0
0
0
0
0
0
0
0
0
0
0
0
0
0
0
0
0
0
0
0
0
0
0
0
0
0
0
0
0
0
0
0
0
0
0
0
0
0
0
0
0
0
0
0
0
0
0
0
0
0
0
0
0
0
0
0
0
0
0
0
0
0
0
0
0
0
0
0
0
0
0
0
0
0
0
0
0
0
0
0
0
0
0
0
0
0
0
0
0
0
0
0
0
0
0
0
0
0
0
0
0
0
0
0
0
0
0
0
0
0
0
0
0
0
0
0
0
0
0
0
0
0
0
0
0
0
0
0
0
0
0
0
0
0
0
0
0
0
0
0
0
0
0
0
0
0
0
0
0
0
0
0
0
0
0
0
0
0
0
0
0
0
0
0
0
0
0
0
0
0
0
0
0
0
0
0
0
0
0
0
0
0
0
0
0
0
0
0
0
0
0
0
0
0
0
0
0
0
0
0
0
0
0
0
0
0
0
0
0
0
0
0
0
0
0
0
0
0
0
0
0
0
0
0
0
0
0
0
0
0
0
0
0
0
0
0
0
0
0
0
0
0
0
0
0
0
0
0
0
0
0
0
0
0
0
0
0
0
0
0
0
0
0
0
0
0
0
0
0
0
0
0
0
0
0
0
0
0
0
0
0
0
0
0
0
0
0
0
0
0
0
0
0
0
0
0
0
0
0
0
0
0
0
0
0
0
0
0
0
0
0
0
0
0
0
0
0
0
0
0
0
0
0
0
0
0
0
0
0
0
0
0
0
0
0
0
0
0
0
0
0
0
0
0
0
0
0
0
0
0
0
0
0
0
0
0
0
0
0
0
0
0
0
0
0
0
0
0
0
0
0
0
0
0
0
0
0
0
0
0
0
0
0
0
0
0
0
0
0
0
0
0
0
0
0
0
0
0
0
0
0
0
0
0
0
0
0
0
0
0
0
0
0
0
0
0
0
0
0
0
0
0
0
0
0
0
0
0
0
0
0
0
0
0
0
0
0
0
0
0
0
0
0
0
0
0
0
0
0
0
0
0
0
0
0
0
0
0
0
0
0
0
0
0
0
0
0
0
0
0
0
0
0
0
0
0
0
0
0
0
0
0
0
0
0
0
0
0
0
0
0
0
0
0
0
0
0
0
0
0
0
0
0
0
0
0
0
0
0
0
0
0
0
0
0
0
0
0
0
0
0
0
0
0
0
0
0
0
0
0
0
0
0
0
0
0
0
0
0
0
0
0
0
0
0
0
0
0
0
0
0
0
0
0
0
0
0
0
0
0
0
0
0
0
0
0
0
0
0
0
0
0
0
0
0
0
0
0
0
0
0
0
0
0
0
0
0
0
0
0
0
0
0
0
0
0
0
0
0
0
0
0
0
0
0
0
0
0
0
0
0
0
0
0
0
0
0
0
0
0
0
0
0
0
0
0
0
0
0
0
0
0
0
0
0
0
0
0
0
0
0
0
0
0
0
0
0
0
0
0
0
0
0
0
0
0
0
0
0
0
0
0
0
0
0
0
0
0
0
0
0
0
0
0
0
0
0
0
0
0
0
0
0
0
0
0
0
0
0
0
0
0
0
0
0
0
0
0
0
0
0
0
0
0
0
0
0
0
0
0
0
0
0
0
0
0
0
0
0
0
0
0
0
0
0
0
0
0
0
0
0
0
0
0
0
0
0
0
0
0
0
0
0
0
0
0
0
0
0
0
0
0
0
0
0
0
0
0
0
0
0
0
0
0
0
0
0
0
0
0
0
0
0
0
0
0
0
0
0
0
0
0
0
0
0
0
0
0
0
0
0
0
0
0
0
0
0
0
0
0
0
0
0
0
0
0
0
0
0
0
0
0
0
0
0
0
0
0
0
0
0
0
0
0
0
0
0
0
0
0
0
0
0
0
0
0
0
0
0
0
0
0
0
0
0
0
0
0
0
0
0
0
0
0
0
0
0
0
0
0
0
0
0
0
0
0
0
0
0
0
0
0
0
0
0
0
0
0
0
0
0
0
0
0
0
0
0
0
0
0
0
0
0
0
0
0
0
0
0
0
0
0
0
0
0
0
0
0
0
0
0
0
0
0
0
0
0
0
0
0
0
0
0
0
0
0
0
0
0
0
0
0
0
0
0
0
0
0
0
0
0
0
0
0
0
0
0
0
0
0
0
0
0
0
0
0
0
0
0
0
0
0
0
0
0
0
0
0
0
0
0
0
0
0
0
0
0
0
0
0
0
0
0
0
0
0
0
0
0
0
0
0
0
0
0
0
0
0
0
0
0
0
0
0
0
0
0
0
0
0
0
0
0
0
0
0
0
0
0
0
0
0
0
0
0
0
0
0
0
0
0
0
0
0
0
0
0
0
0
0
0
0
0
0
0
0
0
0
0
0
0
0
0
0
0
0
0
0
0
0
0
0
0
0
0
0
0
0
0
0
0
0
0
0
0
0
0
0
0
0
0
0
0
0
0
0
0
0
0
0
0
0
0
0
0
0
0
0
0
0
0
0
0
0
0
0
0
0
0
0
0
0
0
0
0
0
0
0
0
0
0
0
0
0
0
0
0
0
0
0
0
0
0
0
0
0
0
0
0
0
0
0
0
0
0
0
0
0
0
0
0
0
0
0
0
0
0
0
0
0
0
0
0
0
0
0
0
0
0
0
0
0
0
0
0
0
0
0
0
0
0
0
0
0
0
0
0
0
0
0
0
0
0
0
0
0
0
0
0
0
0
0
0
0
0
0
0
0
0
0
0
0
0
0
0
0
0
0
0
0
0
0
0
0
0
0
0
0
0
0
0
0
0
0
0
0
0
0
0
0
0
0
0
0
0
0
0
0
0
0
0
0
0
0
0
0
0
0
0
0
0
0
0
0
0
0
0
0
0
0
0
0
0
0
0
0
0
0
0
0
0
0
0
0
0
0
0
0
0
0
0
0
0
0
0
0
0
0
0
0
0
0
0
0
0
0
0
0
0
0
0
0
0
0
0
0
0
0
0
0
0
0
0
0
0
0
0
0
0
0
0
0
0
0
0
0
0
0
0
0
0
0
0
0
0
0
0
0
0
0
0
0
0
0
0
0
0
0
0
0
0
0
0
